x <- 1
y <- 3
10
x
x <- x + y
x
y^3
